$ANSIBLE_VAULT;1.1;AES256
30333865313630623135383437363834666261323961663730633862373863666263303133626565
3033313233353166313636613734353338326664383638640a323465363934646463343138393762
65633234356164303064386663613264306437346336646635633364393135353631373364646134
6537326534656166300a303634633230333035633765353864326661366535396665616631336338
32633933333563653262303735306665383033323639633831626639663966333637343038313937
36663830346163656165326338626632346261336363376536343034356536633536346562643033
62353963333332386436383734643663656662306332383065613638306239623037373437323231
39306136356636366635383065643933396130333661346366373761313166333135633063656637
32313533613437663630393230613735656532343637656461323037653065613834616337356334
36656464626562396561363332326665333864303266383437666366386165356266343037666233
38646139373738623964363662386132653632636237363938333134376662373064316138636534
65636631366631373831373336326432363562373939376430373666376366326261353438616261
66626161633364323462653331656235613230646564323063653531363633656135633266333038
34386533303966303331623630643131656633326563363230626638376132643830643038303966
62633064346635343130663565303339623335636662393937323735306331383962343432303633
33306438353236333830303338373333396332326563393135663163346637303134346663346264
32376439356233653365326266613861303863323632636163623536653734643937343030613562
31323335316465623234636636303966313934303736346462643834396630636565313238633766
65613731613936306365343835666136336530323964306634326539303236323565336539656230
36383930363262373663363464643533353066393762653437386433306465383932346536646164
65613766613437663233363334623530373330623338363365636636393435636462613637363564
39353936333133353663393432663931656266336232333230633939303462306165376162646239
36643966626163306635323639333565316237336363356164653662613566636637663163303864
30633030396662393731323331366536653433353263386138613431626465363536633965656631
31643365633731333430373934306332303032633034386433383838383538613965333834636439
62393435376231343337623631326531303735303437303131316162373230363865613138633764
36613239643235633631343630313338663065356366316632356338646665326665303062633162
30363939353132333566393530363133363562333364623331396266393465613462636437383534
35393938653837666239316332396666366463336233313937353030646662613036626637656361
30383537663062353938303663316361623663323330313664353466626632363836353763333863
36393561343532366635343066393062613238363838366365393738653933663737626431346364
33323537303531383538353265333933326330336466373539376530653538663563343832353036
32666165313336383633613763343761313333393166396537376566393230346331333336653134
37663632333166343861633864616531626662353536383565333030656462653238656365386336
64373731303265646463613234316566623661303064313962616232316362663731623037323762
62333862313339663762643431353063633236376263303031343731633235366436376237303265
33373236626533663534616262333963646437346434383663666633383539663934323861623563
66633764623261626635613233343830656363356163346133373930343233653163336261326365
62343363616234333466653236393031343934623733383262623835633638313238306466646430
39636461353835383935396335346462313737613934343862613437393965383337323565663933
63343832313137313864346136623662323233633462346333666630353165353035333466663039
34623537666165323434326334353131663666613939376239393436663633386438636630373030
32626339313437356538346532623439653366623630396232366635643234346136336462383661
65356532323638633738366337393135396162653930663932623166666332323532313530313839
6230
